2135688885
2135714168
2135806638
2135953026
2135977471
2142533510
2205079182
2222589959
2282393018
2295379032
------------
2098343396
2099204471
2099394579
2099560103
2313077515
2313201205
2313268392
2555656032
2555814152
3024815459
------------
2186803655
2186840810
2186865674
2187091330
2186954442
2187198187
2187245609
2187366644
2187665703
2423035733
------------
2781468369
2781619784
2781665460
2781671606
2781674889
2781693606
2781699752
2781736907
2781949503
2781828399
------------
1883343899
1883352909
1883607897
1888911105
1892393358
2129069530
2129577481
2129608490
2401757482
2401959461
------------
1722084050
1722148442
1780595924
1783330804
1992549408
2223783384
2223913148
2480399460
3039269868
3039425263
------------
1843454307
1843613193
1843622342
1843693300
1856703414
1871258463
1872549879
1900936433
1903321476
1909239177
------------
1657687079
1753823209
1974010738
1975491976
2018355806
2197509440
2198021856
2213711836
2215377731
2248708951
------------
1664907326
1664966550
1734142168
1884846189
1884894029
2097904896
2098087178
2098391819
2316549115
3057570095
------------
2223850570
2446084771
2446232692
2662387625
3413887638
3414985518
3417267670
3417284710
3417371591
3417368309
------------
1773062520
1900137074
1900156350
2120591526
2349301293
2587821201
2591062664
2603264263
2604773706
2651999355
------------
1811563690
1811576122
1892109720
2022565106
2022643954
2022610501
2022614343
2239598621
2679354529
4275461326
------------
2369273562
2369435030
2369483778
2369567725
2369462198
2369725631
2369776125
2369369940
2369743650
2369315605
------------
1612876810
1833846170
2052709585
2053776309
2055862685
2084267196
2089628193
2122459113
2336689535
3013705777
------------
2318082228
2362795944
2493226817
2493237432
2493268441
2493284085
2493290231
2493377460
2513792196
3032250476
------------
1685739489
1952129722
2079290263
2100330424
2164598921
2302793239
2302910219
2303764000
2304088332
2304140711
------------
1886239371
1886572014
1886657357
1886737043
1886962692
1887062352
1901905480
1983239514
1986287141
2806444377
------------
2205857863
2205926444
2206078344
2215998312
2228194885
2280475418
2281603314
2294907250
2300904934
2336063655
------------
2572849443
2572852236
2572972708
2573143673
2573029626
2573350675
2573275040
2577591769
2608382325
2738474988
------------
1911515407
1911695102
1924394630
2178084956
2188672354
2212022204
2219017870
2404303965
3232208043
3476538994
------------
1876011331
1897023736
1910820767
1910953879
2045675716
2045717689
2115230124
2118587404
2486610537
3144549186
------------
2369883766
2369969597
2369986149
2370040623
2370042928
2370312504
2370376407
2370240012
2616490038
2827633000
------------
2694836904
2694942290
2695001374
2694951369
2695190845
2940149508
3512571720
3512683042
3512767337
3513605328
------------
1973677415
2322149222
2527002904
2527134899
2527200407
2527314454
2527996914
2619968494
2630936125
2758491066
------------
1572415306
1740446609
1783884882
1802670772
1803906492
1817667233
2009387426
2009562860
2044570943
2225277835
------------
1693558460
1693729284
1693798355
1745911642
1908786417
2184135114
2185567777
2190728969
2349760750
2350819569
------------
2570973305
2571090214
2571114937
2571133025
2797685997
2798983034
2799169712
2923413219
2924729811
2996923398
------------
1671987416
1700744648
1844512161
1845935604
1872709918
2104648728
2257704937
2257759271
2299338947
4112904370
------------
3061974521
3070257126
3073757069
3076721702
3139182226
3452228620
3452334145
3928186663
3928338491
3929033032
------------
2283175418
2283408991
2283417733
2283571443
2283627878
2330590138
2339386672
2354715901
2414639354
2669332526
------------
1577729780
2006364553
2006386928
2006388885
2006396087
2006695831
2090684075
2094886993
2215005053
2342132172
------------
2645097520
2645216364
2645282706
2645247892
2645211680
2645455938
2645613791
2645659860
2645469501
2645632247
------------
1855820625
2078415025
2295446076
2295517652
2295544773
2295774950
2296476667
2296519025
2489257583
3280857104
------------
1942025117
1944689165
1955462844
1959845171
1994514208
2024217186
2222087799
2302216675
2313520200
2317223602
------------
2138592562
2138576000
2138576000
2138675096
2140949079
2153758058
2213846425
2352463736
2893590058
2990154834
------------
2280531255
2292865580
2563580207
2564266140
2564910844
2570666503
2572792014
3038298618
3592547258
3814611798
------------
2005052978
2010070744
2183829550
2184926788
2184986391
2185313333
2185604570
2188861206
2692085028
3312354885
------------
1916432569
1949601350
1969125512
1971789118
2162101316
2163178928
2295254023
2296011139
2296063123
2325428282
------------
1794295769
2018495523
2019824187
2055171990
2079222629
2084552303
2090859627
2094982836
2111719225
2233845000
------------
1757926034
1758942909
1763555000
1803047046
1944516987
1945562855
2017399830
2190516617
2449972178
3223375115
------------
2318009959
2586431842
2586763756
2586811052
2586914517
2587269345
2822754462
2823760542
2825339418
3111980541
------------
2962975445
2964999771
2965130060
2965142355
2965251406
2965283891
2965378341
2965441634
2965381275
2965451275
------------
2051108018
2051391293
2051446620
2051395973
2051456121
2051696572
2051715643
2219289214
2439152713
2440370268
------------
2129836896
2129984853
2161462856
2346346189
2346574341
2346671162
2356684963
2580000031
2587307791
2589125108
------------
1680315658
1977381102
1977598772
1977630206
1977606316
2125046640
2260427487
2331433350
2353709311
2925177436
------------
2126033052
2126197487
2126199932
2126279775
2126376172
2126377569
2126701549
2135634049
2223776360
2223883654
------------
2384887395
2385017600
2385187412
2385222268
2385227158
2385578517
2385270956
2385283809
2385481701
2386679813
------------
2026066265
2065799614
2098826892
2106747479
2116975277
2122413184
2152307740
2320522297
2320615340
2321746663
------------
2006087276
2006467827
2006527061
2006549483
2006656356
2166162425
2449378919
2449566959
2449636112
3766293598
------------
1923667684
1923985855
1924059408
1969210603
2134942686
2357854473
2578312814
2579229049
2579270959
2636002874
------------
1829192139
1866525609
2047723073
2083966101
2087957922
2111712362
2266802540
2325896909
2367132647
3213283002
------------
1739673670
2000099422
2000179889
2000202311
2000233325
2000423248
2000481922
2000562040
2018609673
2021018319
------------
1934387048
1965883596
2089226735
2089423572
2307846517
2314104448
2322923987
2408989024
2536443094
3186832827
------------
1823031961
2021083266
2025441216
2041448270
2190487578
2190516691
2210781997
2436439325
2652945917
2870514353
------------
2102111470
2184813930
2204547643
2321950571
2322442599
2322672520
2401808036
2542251398
3634298486
3634429959
------------
1659246883
2015589749
2015682545
2015753417
2015780090
2239773503
2241312296
2425609831
2425741310
2469864692
------------
1739779335
1746805174
1749171769
1749326716
1750928630
1760833669
1899733383
1900034968
1900108217
2563183132
------------
1886106399
1894640058
1902121865
2017903197
2018042368
2018067297
2018100676
2018124768
2018308072
2081235479
------------
2146746202
2146878185
2146905839
2146944945
2146975951
2363619664
2414763712
2414800304
2416527887
2430801206
------------
1871503990
2044690881
2044813370
2044852198
2044894098
2044898498
2108355025
2129282032
2348116525
2932711948
------------
2208759986
2208850354
2208908527
2209063632
2209066076
2209115520
2209127113
2209160913
2390878228
2391014896
------------
3672956826
3678880835
3827950888
3828024287
3828065421
3828074360
4049938852
4050971814
4134501834
4151193899
------------
1802775818
1825236616
1972865877
2031018666
2071356713
2191285706
2192111612
2192113498
2264302854
2415180319
------------
2547447216
2768619837
2814388798
2840163991
2840293683
2990121471
2990190682
3034430723
3034434145
3653013921
------------
2234614955
2234828317
2234846545
2234966250
2235011158
2234984898
2235184570
2405812197
2464748608
2692835601
------------
2148113657
2148300271
2365812591
2365983142
2366029306
2366038036
2392761021
2445542876
2456106133
2583959273
------------
1801249044
1801359183
1801400739
1839304054
2274381915
2274507838
2492575314
2493249491
2592298265
2595204359
------------
2250852999
2254781806
2256951997
2401611938
2412838436
2482127497
2618036131
2619085014
2619137046
2619219459
------------
2965650492
2965736678
2965766291
2965848286
2965922529
2965933075
2966030924
2966052296
2967198551
2967585897
------------
1873877093
1874081174
1913397693
1957482658
2308439354
2308645530
2309394454
2313078101
2341390404
2444978822
------------
2410178483
2410181347
2410184699
2410327738
2723944794
2726112093
2898678640
3549341561
3549659277
3752371992
------------
1996153874
1996193336
2119206817
2119688316
2125767332
2129711938
2142179934
2144668588
2343472126
2808389434
------------
1808201651
1872019598
1874100722
1880448300
1881585840
1881892243
1893052940
2071615871
2072434436
2768077788
------------
2152351355
2376588665
2420577470
2424244816
2590994654
2591154596
2591220877
2591977842
2592016884
3252117352
------------
1873858105
1913439435
2060449935
2065889711
2068315243
2068487757
2068532945
2285825898
2343080895
3061780098
------------
1738082764
1739053453
1775338985
1792993473
1817910948
1822564431
1832554260
1956784663
2051671800
2691514678
------------
1893960195
1894075107
1894100728
1894172355
1894158393
2078395017
2179366710
2299329883
2300775843
2301210915
------------
2704458495
2704620540
3287310040
3287368128
3288264160
3288639287
3288684808
3288686204
3288660651
3825380554
------------
1859294663
2081631244
2081719358
2081756153
2081756153
2903415921
2903587261
2903663575
2904314303
2904363527
------------
1573908500
1609111617
1762542516
1762771467
1762785641
1774365866
2200523186
2414270044
2414362700
2858119733
------------
2120724956
2313151181
2313501778
2314038392
2314080776
2314094183
2314118552
2314120019
2314204578
2314298494
------------
1799519127
1983104711
2207202173
2207331565
2224982077
2280414333
2283880263
2287013810
2303350361
2305385439
------------
1834519999
2096649815
2096655960
2096661127
2096708123
2097514801
2097551602
2321853497
2368020538
2607741148
------------
1756371395
1759439733
1764746107
1793775026
1793900932
1801435010
2465552678
2465612733
2465653864
2936382737
------------
2293377234
2293492319
2293533731
2293553354
2293586245
2313741204
2320972773
2321047495
2322269924
2480977234
------------
1946658548
1946733830
1969128748
2001645995
2001788457
2139945173
2238613906
2393044934
2393159253
2393200385
------------
2248036203
2248177898
2248134880
2248079081
2248420366
2248483427
2248494880
2248557802
2248806834
2248908863
------------
1770012958
1981935716
1982078950
1982087609
1982094733
1982204375
1982257660
1982245928
1982368560
2064520336
------------
1705854202
3201287139
3216492544
3241176535
3242556787
3245620942
3251252783
3251326252
3255930934
3499913956
------------
1963597268
1963693155
1963743577
1963789251
1964396975
1964440972
1964473866
1964545449
2187706975
2187736097
------------
2586659319
2586671960
2586685229
2586688162
2587043846
3180566112
3180913066
3181807199
3182557257
3406275662
------------
1758520052
1758812534
1810518968
1812192849
1851022381
1982217010
2058764740
2203731665
2245735691
3105451817
------------
2299858120
2299946676
2305526214
2324618459
2417898203
2545982064
2546034512
2546047432
2546136058
2547679489
------------
2081365905
2081504256
2081637718
2081731093
2082011635
2082024904
2082235049
2220750137
2221800722
2221805611
------------
1839768478
1851322653
2066839595
2125591786
2157792279
2159735062
2332936455
2802561697
2943738732
3165019263
------------
2602458406
2602561768
2602584326
2602593754
2602596059
2602717649
2602776803
2602794403
2602720932
2603205267
------------
1914180905
2351825029
2352621094
2352635202
2352650917
2352672568
2352732633
2576292464
2576309226
2804599702
------------
1684771623
1787715375
1870500494
1870549593
1877215009
1878764604
2030739796
2320513624
2322239362
2322734475
------------
2142650264
2142909868
2142924186
2148841305
2185036363
2186539930
2187660761
2191563345
2360719417
2360763208
------------
2037231113
2096403004
2096768090
2259001797
2259118164
2480920679
2481951925
2481987108
2481966584
2481956672
------------
